4 0.717756 0.149267 0.156756 0.206267
4 0.262311 0.145156 0.146844 0.207911
4 0.468600 0.145978 0.153467 0.202978
4 0.146800 0.421556 0.146844 0.193067
4 0.376178 0.422422 0.143556 0.201289
4 0.606422 0.419911 0.155067 0.199644
4 0.847289 0.424022 0.151822 0.214533
4 0.847311 0.643489 0.145200 0.191422
4 0.604711 0.641844 0.155111 0.194711
4 0.377844 0.642689 0.150178 0.196400
4 0.146800 0.640200 0.160089 0.194711
4 0.146822 0.867111 0.153467 0.193067
4 0.376178 0.860511 0.150133 0.199689
4 0.602267 0.866267 0.146844 0.204622
4 0.844000 0.859689 0.145244 0.198044
